0.0  1.516  -0.371  0.359  2.414  -0.302  1.813  -1.999  1.172  -2.157  1.053  1.368  1.394  9.84  0.695  -1.213  
-1.516  0.0  -1.143  1.828  -1.208  3.748  -0.04  4.676  -0.669  -0.15  -0.153  0.398  1.354  4.135  3.552  -3.23  
0.371  1.143  0.0  -2.509  -0.76  0.259  0.722  -0.424  0.975  2.439  1.377  1.472  4.175  -1.746  0.272  2.758  
-0.359  -1.828  2.509  0.0  -0.271  -2.236  -0.47  0.713  2.183  -1.034  -1.449  1.581  -1.764  2.309  3.004  0.667  
-2.414  1.208  0.76  0.271  0.0  1.733  2.827  4.186  1.565  -0.218  6.337  -1.76  -1.318  2.25  -2.892  -1.179  
0.302  -3.748  -0.259  2.236  -1.733  0.0  1.413  1.784  0.96  2.619  2.644  3.196  -2.01  3.224  4.599  3.719  
-1.813  0.04  -0.722  0.47  -2.827  -1.413  0.0  -2.113  3.414  0.606  -0.542  1.653  -2.997  -0.977  2.154  -2.305  
1.999  -4.676  0.424  -0.713  -4.186  -1.784  2.113  0.0  3.199  0.98  1.648  2.491  1.549  0.257  -1.266  1.374  
1.172  -0.669  0.975  2.183  1.565  0.96  3.414  3.199  0.0  1.91  3.255  -0.372  -0.332  0.983  -0.664  -0.946  
-2.157  -0.15  2.439  -1.034  -0.218  2.619  0.606  0.98  -1.91  0.0  3.271  1.604  1.259  3.316  2.024  3.226  
1.053  -0.153  1.377  -1.449  6.337  2.644  -0.542  1.648  -3.255  -3.271  0.0  -0.197  3.328  2.829  4.608  3.939  
1.368  0.398  1.472  1.581  -1.76  3.196  1.653  2.491  0.372  -1.604  0.197  0.0  3.678  5.319  -0.226  4.326  
1.394  1.354  4.175  -1.764  -1.318  -2.01  -2.997  1.549  0.332  -1.259  -3.328  -3.678  0.0  2.565  -1.343  -1.975  
9.84  4.135  -1.746  2.309  2.25  3.224  -0.977  0.257  -0.983  -3.316  -2.829  -5.319  -2.565  0.0  -1.393  -2.269  
0.695  3.552  0.272  3.004  -2.892  4.599  2.154  -1.266  0.664  -2.024  -4.608  0.226  1.343  1.393  0.0  0.641  
-1.213  -3.23  2.758  0.667  -1.179  3.719  -2.305  1.374  0.946  -3.226  -3.939  -4.326  1.975  2.269  -0.641  0.0  
