0.0  -3.256817  -0.710345  2.628457  0.711382  2.054544  -0.587974  0.841081  1.153308  0.568747  3.603703  3.982396  0.481656  -3.188827  -2.978496  -2.226571  
3.256817  0.0  1.279222  1.621323  -1.143829  1.024217  -2.34447  0.574518  2.48574  -0.557268  0.648392  1.244583  0.400632  0.215379  0.810931  2.07175  
0.710345  -1.279222  0.0  -0.512091  -0.746994  0.95809  2.767241  -1.199561  0.370548  1.439831  1.363356  -0.150201  0.609541  -1.52269  0.940278  -0.604625  
-2.628457  -1.621323  0.512091  0.0  1.875666  -1.22579  1.622407  -1.698051  1.686785  0.081965  2.270095  1.595379  -0.84827  1.414565  -0.394842  0.583379  
-0.711382  1.143829  0.746994  -1.875666  0.0  1.373422  0.107655  -0.060885  1.782591  -2.341595  -1.335322  -1.902891  3.147785  -0.684269  0.600384  1.258755  
-2.054544  -1.024217  -0.95809  1.22579  -1.373422  0.0  -0.086284  1.512883  2.934555  0.126539  -0.182252  0.38305  0.689734  -0.512939  -1.031929  -0.724464  
0.587974  2.34447  -2.767241  -1.622407  -0.107655  0.086284  0.0  2.71874  0.44914  0.176912  -1.179551  0.093429  1.443038  0.024984  1.408096  1.602158  
-0.841081  -0.574518  1.199561  1.698051  0.060885  -1.512883  -2.71874  0.0  1.829885  3.673436  -0.802598  -0.102063  -1.092231  0.156088  0.563357  0.973943  
1.153308  2.48574  0.370548  1.686785  1.782591  2.934555  0.44914  1.829885  0.0  3.462325  0.346583  0.115543  0.980788  0.845741  -1.066696  -1.480794  
0.568747  -0.557268  1.439831  0.081965  -2.341595  0.126539  0.176912  3.673436  -3.462325  0.0  2.347241  -0.893834  2.852187  0.561511  -0.383371  -0.875752  
3.603703  0.648392  1.363356  2.270095  -1.335322  -0.182252  -1.179551  -0.802598  -0.346583  -2.347241  0.0  1.447334  0.172924  -0.846065  1.591838  -0.128358  
3.982396  1.244583  -0.150201  1.595379  -1.902891  0.38305  0.093429  -0.102063  -0.115543  0.893834  -1.447334  0.0  -0.610489  1.567842  1.089212  0.502659  
0.481656  0.400632  0.609541  -0.84827  3.147785  0.689734  1.443038  -1.092231  -0.980788  -2.852187  -0.172924  0.610489  0.0  -2.457769  0.822238  -1.971075  
-3.188827  0.215379  -1.52269  1.414565  -0.684269  -0.512939  0.024984  0.156088  -0.845741  -0.561511  0.846065  -1.567842  2.457769  0.0  1.885843  2.270574  
-2.978496  0.810931  0.940278  -0.394842  0.600384  -1.031929  1.408096  0.563357  1.066696  0.383371  -1.591838  -1.089212  -0.822238  -1.885843  0.0  0.264306  
-2.226571  2.07175  -0.604625  0.583379  1.258755  -0.724464  1.602158  0.973943  1.480794  0.875752  0.128358  -0.502659  1.971075  -2.270574  -0.264306  0.0  
