m := Matrix(RealField(), 16,16,[1318869413.9762082, 625233248.5261484, -703294628.8905928, 1314552968.5480237, 284421568.79400873, 512318702.3363151, 872015717.8691484, 65523196.86803752, 600475157.1491792, -596852239.5073816, -39071521.51089325, 263336678.17237943, -1011107644.222316, 1626284659.0727065, 714826835.3730744, -703763530.097212, 625233248.5261484, 296417217.80587786, -333417895.4951849, 623205384.2961997, 134805222.0162449, 242870109.06692374, 413385246.43918806, 31046431.62901574, 284661476.1307613, -282938075.38625515, -18558050.97948597, 124855536.1330772, -479341524.05820507, 770970758.3797812, 338882087.97820514, -333642193.9848114, -703294628.8905928, -333417895.4951849, 375045441.15748435, -700996430.6148291, -151663603.8369962, -273194559.6088957, -465001342.1642711, -34938090.96829694, -320198375.21250093, 318274431.5927759, 20843535.38030888, -140430774.59634137, 539182540.2523305, -867226743.4448355, -381186058.6667568, 375294850.7217343, 1314552968.5480237, 623205384.2961997, -700996430.6148291, 1310413337.0590441, 283290803.6240439, 510637074.70576733, 869165492.6298151, 65194182.371798806, 598574545.8088506, -594838305.2916822, -39169698.642055444, 262585574.8216513, -1007870368.8860933, 1620968492.2291522, 712546594.3398575, -701457536.9717498, 284421568.79400873, 134805222.0162449, -151663603.8369962, 283290803.6240439, 61591335.17767621, 110492681.02344161, 188057071.2641493, 14275278.512464425, 129421579.91503343, -128793872.67322817, -8138057.408651813, 56651606.93571415, -217964821.6507641, 350709533.15662247, 154084325.0074622, -151768628.88226828, 512318702.3363151, 242870109.06692374, -273194559.6088957, 510637074.70576733, 110492681.02344161, 199013764.62095016, 338739286.5799513, 25457437.177751493, 233256845.19103447, -231851710.78129447, -15167542.1403276, 102289375.9205859, -392765532.1699029, 631735174.4008071, 277675701.8697614, -273375743.12314755, 872015717.8691484, 413385246.43918806, -465001342.1642711, 869165492.6298151, 188057071.2641493, 338739286.5799513, 576571166.7496675, 43322988.47248385, 397035389.44617045, -394630956.87920314, -25829880.269909397, 174113766.70594728, -668530508.6881231, 1075273202.5399039, 472634297.6655801, -465309009.5962308, 65523196.86803752, 31046431.62901574, -34938090.96829694, 65194182.371798806, 14275278.512464425, 25457437.177751493, 43322988.47248385, 3338270.89086113, 29788519.43504306, -29697707.313499216, -1777131.7986192668, 13003978.541262994, -50183609.799375534, 80791726.12488537, 35472363.702095084, -34963613.55530586, 600475157.1491792, 284661476.1307613, -320198375.21250093, 598574545.8088506, 129421579.91503343, 233256845.19103447, 397035389.44617045, 29788519.43504306, 273431680.3715811, -271721573.9605138, -17871067.534182616, 119936592.01928104, -460380273.6272305, 740440993.8650075, 325481515.6189605, -320408296.9701933, -596852239.5073816, -282938075.38625515, 318274431.5927759, -594838305.2916822, -128793872.67322817, -231851710.78129447, -394630956.87920314, -29697707.313499216, -271721573.9605138, 270130636.82251096, 17592018.2074891, -119130468.13562022, 457550058.1868703, -735970138.976005, -323471925.3681197, 318486242.9880281, -39071521.51089325, -18558050.97948597, 20843535.38030888, -39169698.642055444, -8138057.408651813, -15167542.1403276, -25829880.269909397, -1777131.7986192668, -17871067.534182616, 17592018.2074891, 1484023.8561288787, -7958385.656616906, 30051951.827004254, -48187747.909690455, -21258051.942737464, 20853069.68376924, 263336678.17237943, 124855536.1330772, -140430774.59634137, 262585574.8216513, 56651606.93571415, 102289375.9205859, 174113766.70594728, 13003978.541262994, 119936592.01928104, -119130468.13562022, -7958385.656616906, 52656652.54124834, -201935273.56957883, 324722363.0327536, 142768336.82337067, -140520982.32689345, -1011107644.222316, -479341524.05820507, 539182540.2523305, -1007870368.8860933, -217964821.6507641, -392765532.1699029, -668530508.6881231, -50183609.799375534, -460380273.6272305, 457550058.1868703, 30051951.827004254, -201935273.56957883, 775195934.9708873, -1246789720.5250921, -548046177.561854, 539538075.9551035, 1626284659.0727065, 770970758.3797812, -867226743.4448355, 1620968492.2291522, 350709533.15662247, 631735174.4008071, 1075273202.5399039, 80791726.12488537, 740440993.8650075, -735970138.976005, -48187747.909690455, 324722363.0327536, -1246789720.5250921, 2005356045.1103132, 881448411.1059271, -867804523.5070556, 714826835.3730744, 338882087.97820514, -381186058.6667568, 712546594.3398575, 154084325.0074622, 277675701.8697614, 472634297.6655801, 35472363.702095084, 325481515.6189605, -323471925.3681197, -21258051.942737464, 142768336.82337067, -548046177.561854, 881448411.1059271, 387458005.3327049, -381437479.4472768, -703763530.097212, -333642193.9848114, 375294850.7217343, -701457536.9717498, -151768628.88226828, -273375743.12314755, -465309009.5962308, -34963613.55530586, -320408296.9701933, 318486242.9880281, 20853069.68376924, -140520982.32689345, 539538075.9551035, -867804523.5070556, -381437479.4472768, 375546968.43239653]); 
L := LatticeWithGram(m); 
 time Min(L); 
